MEMBER_COUNT,FIND_MESSAGE_COUNT,OFFER_MESSAGE_COUNT,REQUEST_MESSAGE_COUNT,RESPONSE_MESSAGE_COUNT,MEMBER_INFO_REQUEST_MESSAGE_COUNT,MEMBER_INFO_RESPONSE_MESSAGE_COUNT,SYNCH_TOKEN_MESSAGE_COUNT,FINISH_MESSAGE_COUNT,FINISH_ACK_MESSAGE_COUNT,DISTRIBUTED_RESPONSE_MESSAGE_COUNT,CRYPTO_OPERATIONS_COUNT,DURATION_START,DURATION_END,KEY_AGREEMENT_START
15,0,1,14,0,0,0,0,0,14,14,115,1698485548169962522,1698485548179049356,1698485548171408038
