MEMBER_COUNT,FIND_MESSAGE_COUNT,OFFER_MESSAGE_COUNT,REQUEST_MESSAGE_COUNT,RESPONSE_MESSAGE_COUNT,MEMBER_INFO_REQUEST_MESSAGE_COUNT,MEMBER_INFO_RESPONSE_MESSAGE_COUNT,SYNCH_TOKEN_MESSAGE_COUNT,FINISH_MESSAGE_COUNT,FINISH_ACK_MESSAGE_COUNT,DISTRIBUTED_RESPONSE_MESSAGE_COUNT,CRYPTO_OPERATIONS_COUNT,DURATION_START,DURATION_END,KEY_AGREEMENT_START
700,0,1,699,0,0,0,0,0,699,699,5595,1698401982692432754,1698401983039764174,1698401982698378574
