MEMBER_COUNT,FIND_MESSAGE_COUNT,OFFER_MESSAGE_COUNT,REQUEST_MESSAGE_COUNT,RESPONSE_MESSAGE_COUNT,MEMBER_INFO_REQUEST_MESSAGE_COUNT,MEMBER_INFO_RESPONSE_MESSAGE_COUNT,SYNCH_TOKEN_MESSAGE_COUNT,FINISH_MESSAGE_COUNT,FINISH_ACK_MESSAGE_COUNT,DISTRIBUTED_RESPONSE_MESSAGE_COUNT,CRYPTO_OPERATIONS_COUNT,DURATION_START,DURATION_END,KEY_AGREEMENT_START
500,0,1,499,0,0,0,0,0,499,499,3995,1698402202705853704,1698402202936094763,1698402202743693976
